1.00 501.00 23.383
2.00 502.00 24.4054
3.00 503.00 25.4277
4.00 504.00 26.4499
5.00 505.00 27.4722
6.00 506.00 28.4944
7.00 507.00 29.5167
8.00 508.00 30.5389
9.00 509.00 31.561
10.00 510.00 32.5832
11.00 511.00 33.6053
12.00 512.00 34.6274
13.00 513.00 35.6495
14.00 514.00 36.6716
15.00 515.00 37.6936
16.00 516.00 38.7156
17.00 517.00 39.7376
18.00 518.00 40.7596
19.00 519.00 41.7816
20.00 520.00 42.8035
21.00 521.00 43.8254
22.00 522.00 44.8473
23.00 523.00 45.8692
24.00 524.00 46.891
25.00 525.00 47.9129
26.00 526.00 48.9347
27.00 527.00 49.9565
28.00 528.00 50.9783
29.00 529.00 52
30.00 530.00 53.0217
31.00 531.00 54.0434
32.00 532.00 55.0651
33.00 533.00 56.0868
34.00 534.00 57.1084
35.00 535.00 58.1301
36.00 536.00 59.1517
37.00 537.00 60.1733
38.00 538.00 61.1948
39.00 539.00 62.2164
40.00 540.00 63.2379
41.00 541.00 64.2594
42.00 542.00 65.2809
43.00 543.00 66.3024
44.00 544.00 67.3238
45.00 545.00 68.3452
46.00 546.00 69.3666
47.00 547.00 70.388
48.00 548.00 71.4094
49.00 549.00 72.4307
50.00 550.00 73.4521
51.00 551.00 74.4734
52.00 552.00 75.4947
53.00 553.00 76.516
54.00 554.00 77.5372
55.00 555.00 78.5584
56.00 556.00 79.5797
57.00 557.00 80.6008
58.00 558.00 81.622
59.00 559.00 82.6432
60.00 560.00 83.6643
61.00 561.00 84.6854
62.00 562.00 85.7065
63.00 563.00 86.7276
64.00 564.00 87.7487
65.00 565.00 88.7697
66.00 566.00 89.7908
67.00 567.00 90.8118
68.00 568.00 91.8328
69.00 569.00 92.8537
70.00 570.00 93.8747
71.00 571.00 94.8956
72.00 572.00 95.9165
73.00 573.00 96.9374
74.00 574.00 97.9583
75.00 575.00 98.9792
76.00 576.00 100
77.00 577.00 101.021
78.00 578.00 102.042
79.00 579.00 103.062
80.00 580.00 104.083
81.00 581.00 105.104
82.00 582.00 106.125
83.00 583.00 107.145
84.00 584.00 108.166
85.00 585.00 109.187
86.00 586.00 110.207
87.00 587.00 111.228
88.00 588.00 112.249
89.00 589.00 113.269
90.00 590.00 114.29
91.00 591.00 115.31
92.00 592.00 116.331
93.00 593.00 117.352
94.00 594.00 118.372
95.00 595.00 119.393
96.00 596.00 120.413
97.00 597.00 121.434
98.00 598.00 122.454
99.00 599.00 123.474
100.00 600.00 124.495
101.00 601.00 125.515
102.00 602.00 126.536
103.00 603.00 127.556
104.00 604.00 128.576
105.00 605.00 129.597
106.00 606.00 130.617
107.00 607.00 131.637
108.00 608.00 132.658
109.00 609.00 133.678
110.00 610.00 134.698
111.00 611.00 135.718
112.00 612.00 136.739
113.00 613.00 137.759
114.00 614.00 138.779
115.00 615.00 139.799
116.00 616.00 140.819
117.00 617.00 141.839
118.00 618.00 142.86
119.00 619.00 143.88
120.00 620.00 144.9
121.00 621.00 145.92
122.00 622.00 146.94
123.00 623.00 147.96
124.00 624.00 148.98
125.00 625.00 150
126.00 626.00 151.02
127.00 627.00 152.04
128.00 628.00 153.06
129.00 629.00 154.08
130.00 630.00 155.1
131.00 631.00 156.12
132.00 632.00 157.14
133.00 633.00 158.159
134.00 634.00 159.179
135.00 635.00 160.199
136.00 636.00 161.219
137.00 637.00 162.239
138.00 638.00 163.259
139.00 639.00 164.278
140.00 640.00 165.298
141.00 641.00 166.318
142.00 642.00 167.338
143.00 643.00 168.357
144.00 644.00 169.377
145.00 645.00 170.397
146.00 646.00 171.417
147.00 647.00 172.436
148.00 648.00 173.456
149.00 649.00 174.475
150.00 650.00 175.495
151.00 651.00 176.515
152.00 652.00 177.534
153.00 653.00 178.554
154.00 654.00 179.573
155.00 655.00 180.593
156.00 656.00 181.612
157.00 657.00 182.632
158.00 658.00 183.652
159.00 659.00 184.671
160.00 660.00 185.69
161.00 661.00 186.71
162.00 662.00 187.729
163.00 663.00 188.749
164.00 664.00 189.768
165.00 665.00 190.788
166.00 666.00 191.807
167.00 667.00 192.826
168.00 668.00 193.846
169.00 669.00 194.865
170.00 670.00 195.884
171.00 671.00 196.904
172.00 672.00 197.923
173.00 673.00 198.942
174.00 674.00 199.962
175.00 675.00 200.981
176.00 676.00 202
177.00 677.00 203.019
178.00 678.00 204.038
179.00 679.00 205.058
180.00 680.00 206.077
181.00 681.00 207.096
182.00 682.00 208.115
183.00 683.00 209.134
184.00 684.00 210.153
185.00 685.00 211.173
186.00 686.00 212.192
187.00 687.00 213.211
188.00 688.00 214.23
189.00 689.00 215.249
190.00 690.00 216.268
191.00 691.00 217.287
192.00 692.00 218.306
193.00 693.00 219.325
194.00 694.00 220.344
195.00 695.00 221.363
196.00 696.00 222.382
197.00 697.00 223.401
198.00 698.00 224.42
199.00 699.00 225.439
200.00 700.00 226.458
201.00 701.00 227.476
202.00 702.00 228.495
203.00 703.00 229.514
204.00 704.00 230.533
205.00 705.00 231.552
206.00 706.00 232.571
207.00 707.00 233.589
208.00 708.00 234.608
209.00 709.00 235.627
210.00 710.00 236.646
211.00 711.00 237.665
212.00 712.00 238.683
213.00 713.00 239.702
214.00 714.00 240.721
215.00 715.00 241.739
216.00 716.00 242.758
217.00 717.00 243.777
218.00 718.00 244.796
219.00 719.00 245.814
220.00 720.00 246.833
221.00 721.00 247.851
222.00 722.00 248.87
223.00 723.00 249.889
224.00 724.00 250.907
225.00 725.00 251.926
226.00 726.00 252.944
227.00 727.00 253.963
228.00 728.00 254.981
229.00 729.00 256
230.00 730.00 257.019
231.00 731.00 258.037
232.00 732.00 259.055
233.00 733.00 260.074
234.00 734.00 261.092
235.00 735.00 262.111
236.00 736.00 263.129
237.00 737.00 264.148
238.00 738.00 265.166
239.00 739.00 266.185
240.00 740.00 267.203
241.00 741.00 268.221
242.00 742.00 269.24
243.00 743.00 270.258
244.00 744.00 271.276
245.00 745.00 272.295
246.00 746.00 273.313
247.00 747.00 274.331
248.00 748.00 275.35
249.00 749.00 276.368
250.00 750.00 277.386
251.00 751.00 278.404
252.00 752.00 279.423
253.00 753.00 280.441
254.00 754.00 281.459
255.00 755.00 282.477
256.00 756.00 283.495
257.00 757.00 284.514
258.00 758.00 285.532
259.00 759.00 286.55
260.00 760.00 287.568
261.00 761.00 288.586
262.00 762.00 289.604
263.00 763.00 290.622
264.00 764.00 291.641
265.00 765.00 292.659
266.00 766.00 293.677
267.00 767.00 294.695
268.00 768.00 295.713
269.00 769.00 296.731
270.00 770.00 297.749
271.00 771.00 298.767
272.00 772.00 299.785
273.00 773.00 300.803
274.00 774.00 301.821
275.00 775.00 302.839
276.00 776.00 303.857
277.00 777.00 304.875
278.00 778.00 305.893
279.00 779.00 306.911
280.00 780.00 307.928
281.00 781.00 308.946
282.00 782.00 309.964
283.00 783.00 310.982
284.00 784.00 312
285.00 785.00 313.018
286.00 786.00 314.036
287.00 787.00 315.054
288.00 788.00 316.071
289.00 789.00 317.089
290.00 790.00 318.107
291.00 791.00 319.125
292.00 792.00 320.142
293.00 793.00 321.16
294.00 794.00 322.178
295.00 795.00 323.196
296.00 796.00 324.213
297.00 797.00 325.231
298.00 798.00 326.249
299.00 799.00 327.267
300.00 800.00 328.284
301.00 801.00 329.302
302.00 802.00 330.32
303.00 803.00 331.337
304.00 804.00 332.355
305.00 805.00 333.373
306.00 806.00 334.39
307.00 807.00 335.408
308.00 808.00 336.425
309.00 809.00 337.443
310.00 810.00 338.46
311.00 811.00 339.478
312.00 812.00 340.496
313.00 813.00 341.513
314.00 814.00 342.531
315.00 815.00 343.548
316.00 816.00 344.566
317.00 817.00 345.583
318.00 818.00 346.601
319.00 819.00 347.618
320.00 820.00 348.636
321.00 821.00 349.653
322.00 822.00 350.671
323.00 823.00 351.688
324.00 824.00 352.705
325.00 825.00 353.723
326.00 826.00 354.74
327.00 827.00 355.758
328.00 828.00 356.775
329.00 829.00 357.792
330.00 830.00 358.81
331.00 831.00 359.827
332.00 832.00 360.844
333.00 833.00 361.862
334.00 834.00 362.879
335.00 835.00 363.896
336.00 836.00 364.914
337.00 837.00 365.931
338.00 838.00 366.948
339.00 839.00 367.965
340.00 840.00 368.983
341.00 841.00 370
342.00 842.00 371.017
343.00 843.00 372.034
344.00 844.00 373.052
345.00 845.00 374.069
346.00 846.00 375.086
347.00 847.00 376.103
348.00 848.00 377.12
349.00 849.00 378.138
350.00 850.00 379.155
351.00 851.00 380.172
352.00 852.00 381.189
353.00 853.00 382.206
354.00 854.00 383.223
355.00 855.00 384.24
356.00 856.00 385.257
357.00 857.00 386.275
358.00 858.00 387.292
359.00 859.00 388.309
360.00 860.00 389.326
361.00 861.00 390.343
362.00 862.00 391.36
363.00 863.00 392.377
364.00 864.00 393.394
365.00 865.00 394.411
366.00 866.00 395.428
367.00 867.00 396.445
368.00 868.00 397.462
369.00 869.00 398.479
370.00 870.00 399.496
371.00 871.00 400.513
372.00 872.00 401.53
373.00 873.00 402.547
374.00 874.00 403.563
375.00 875.00 404.58
376.00 876.00 405.597
377.00 877.00 406.614
378.00 878.00 407.631
379.00 879.00 408.648
380.00 880.00 409.665
381.00 881.00 410.682
382.00 882.00 411.698
383.00 883.00 412.715
384.00 884.00 413.732
385.00 885.00 414.749
386.00 886.00 415.766
387.00 887.00 416.783
388.00 888.00 417.799
389.00 889.00 418.816
390.00 890.00 419.833
391.00 891.00 420.85
392.00 892.00 421.866
393.00 893.00 422.883
394.00 894.00 423.9
395.00 895.00 424.917
396.00 896.00 425.933
397.00 897.00 426.95
398.00 898.00 427.967
399.00 899.00 428.983
400.00 900.00 430
401.00 901.00 431.017
402.00 902.00 432.033
403.00 903.00 433.05
404.00 904.00 434.067
405.00 905.00 435.083
406.00 906.00 436.1
407.00 907.00 437.116
408.00 908.00 438.133
409.00 909.00 439.15
410.00 910.00 440.166
411.00 911.00 441.183
412.00 912.00 442.199
413.00 913.00 443.216
414.00 914.00 444.232
415.00 915.00 445.249
416.00 916.00 446.265
417.00 917.00 447.282
418.00 918.00 448.299
419.00 919.00 449.315
420.00 920.00 450.332
421.00 921.00 451.348
422.00 922.00 452.364
423.00 923.00 453.381
424.00 924.00 454.397
425.00 925.00 455.414
426.00 926.00 456.43
427.00 927.00 457.447
428.00 928.00 458.463
429.00 929.00 459.48
430.00 930.00 460.496
431.00 931.00 461.512
432.00 932.00 462.529
433.00 933.00 463.545
434.00 934.00 464.561
435.00 935.00 465.578
436.00 936.00 466.594
437.00 937.00 467.61
438.00 938.00 468.627
439.00 939.00 469.643
440.00 940.00 470.659
441.00 941.00 471.676
442.00 942.00 472.692
443.00 943.00 473.708
444.00 944.00 474.725
445.00 945.00 475.741
446.00 946.00 476.757
447.00 947.00 477.773
448.00 948.00 478.79
449.00 949.00 479.806
450.00 950.00 480.822
451.00 951.00 481.838
452.00 952.00 482.854
453.00 953.00 483.871
454.00 954.00 484.887
455.00 955.00 485.903
456.00 956.00 486.919
457.00 957.00 487.935
458.00 958.00 488.952
459.00 959.00 489.968
460.00 960.00 490.984
461.00 961.00 492
462.00 962.00 493.016
463.00 963.00 494.032
464.00 964.00 495.048
465.00 965.00 496.064
466.00 966.00 497.081
467.00 967.00 498.097
468.00 968.00 499.113
469.00 969.00 500.129
470.00 970.00 501.145
471.00 971.00 502.161
472.00 972.00 503.177
473.00 973.00 504.193
474.00 974.00 505.209
475.00 975.00 506.225
476.00 976.00 507.241
477.00 977.00 508.257
478.00 978.00 509.273
479.00 979.00 510.289
480.00 980.00 511.305
481.00 981.00 512.321
482.00 982.00 513.337
483.00 983.00 514.353
484.00 984.00 515.369
485.00 985.00 516.385
486.00 986.00 517.401
487.00 987.00 518.417
488.00 988.00 519.432
489.00 989.00 520.448
490.00 990.00 521.464
491.00 991.00 522.48
492.00 992.00 523.496
493.00 993.00 524.512
494.00 994.00 525.528
495.00 995.00 526.544
496.00 996.00 527.559
497.00 997.00 528.575
498.00 998.00 529.591
499.00 999.00 530.607
500.00 1000.00 531.623

