23.383
24.4054
25.4277
26.4499
27.4722
28.4944
29.5167
30.5389
31.561
32.5832
33.6053
34.6274
35.6495
36.6716
37.6936
38.7156
39.7376
40.7596
41.7816
42.8035
43.8254
44.8473
45.8692
46.891
47.9129
48.9347
49.9565
50.9783
52
53.0217
54.0434
55.0651
56.0868
57.1084
58.1301
59.1517
60.1733
61.1948
62.2164
63.2379
64.2594
65.2809
66.3024
67.3238
68.3452
69.3666
70.388
71.4094
72.4307
73.4521
74.4734
75.4947
76.516
77.5372
78.5584
79.5797
80.6008
81.622
82.6432
83.6643
84.6854
85.7065
86.7276
87.7487
88.7697
89.7908
90.8118
91.8328
92.8537
93.8747
94.8956
95.9165
96.9374
97.9583
98.9792
100
101.021
102.042
103.062
104.083
105.104
106.125
107.145
108.166
109.187
110.207
111.228
112.249
113.269
114.29
115.31
116.331
117.352
118.372
119.393
120.413
121.434
122.454
123.474
124.495
125.515
126.536
127.556
128.576
129.597
130.617
131.637
132.658
133.678
134.698
135.718
136.739
137.759
138.779
139.799
140.819
141.839
142.86
143.88
144.9
145.92
146.94
147.96
148.98
150
151.02
152.04
153.06
154.08
155.1
156.12
157.14
158.159
159.179
160.199
161.219
162.239
163.259
164.278
165.298
166.318
167.338
168.357
169.377
170.397
171.417
172.436
173.456
174.475
175.495
176.515
177.534
178.554
179.573
180.593
181.612
182.632
183.652
184.671
185.69
186.71
187.729
188.749
189.768
190.788
191.807
192.826
193.846
194.865
195.884
196.904
197.923
198.942
199.962
200.981
202
203.019
204.038
205.058
206.077
207.096
208.115
209.134
210.153
211.173
212.192
213.211
214.23
215.249
216.268
217.287
218.306
219.325
220.344
221.363
222.382
223.401
224.42
225.439
226.458
227.476
228.495
229.514
230.533
231.552
232.571
233.589
234.608
235.627
236.646
237.665
238.683
239.702
240.721
241.739
242.758
243.777
244.796
245.814
246.833
247.851
248.87
249.889
250.907
251.926
252.944
253.963
254.981
256
257.019
258.037
259.055
260.074
261.092
262.111
263.129
264.148
265.166
266.185
267.203
268.221
269.24
270.258
271.276
272.295
273.313
274.331
275.35
276.368
277.386
278.404
279.423
280.441
281.459
282.477
283.495
284.514
285.532
286.55
287.568
288.586
289.604
290.622
291.641
292.659
293.677
294.695
295.713
296.731
297.749
298.767
299.785
300.803
301.821
302.839
303.857
304.875
305.893
306.911
307.928
308.946
309.964
310.982
312
313.018
314.036
315.054
316.071
317.089
318.107
319.125
320.142
321.16
322.178
323.196
324.213
325.231
326.249
327.267
328.284
329.302
330.32
331.337
332.355
333.373
334.39
335.408
336.425
337.443
338.46
339.478
340.496
341.513
342.531
343.548
344.566
345.583
346.601
347.618
348.636
349.653
350.671
351.688
352.705
353.723
354.74
355.758
356.775
357.792
358.81
359.827
360.844
361.862
362.879
363.896
364.914
365.931
366.948
367.965
368.983
370
371.017
372.034
373.052
374.069
375.086
376.103
377.12
378.138
379.155
380.172
381.189
382.206
383.223
384.24
385.257
386.275
387.292
388.309
389.326
390.343
391.36
392.377
393.394
394.411
395.428
396.445
397.462
398.479
399.496
400.513
401.53
402.547
403.563
404.58
405.597
406.614
407.631
408.648
409.665
410.682
411.698
412.715
413.732
414.749
415.766
416.783
417.799
418.816
419.833
420.85
421.866
422.883
423.9
424.917
425.933
426.95
427.967
428.983
430
431.017
432.033
433.05
434.067
435.083
436.1
437.116
438.133
439.15
440.166
441.183
442.199
443.216
444.232
445.249
446.265
447.282
448.299
449.315
450.332
451.348
452.364
453.381
454.397
455.414
456.43
457.447
458.463
459.48
460.496
461.512
462.529
463.545
464.561
465.578
466.594
467.61
468.627
469.643
470.659
471.676
472.692
473.708
474.725
475.741
476.757
477.773
478.79
479.806
480.822
481.838
482.854
483.871
484.887
485.903
486.919
487.935
488.952
489.968
490.984
492
493.016
494.032
495.048
496.064
497.081
498.097
499.113
500.129
501.145
502.161
503.177
504.193
505.209
506.225
507.241
508.257
509.273
510.289
511.305
512.321
513.337
514.353
515.369
516.385
517.401
518.417
519.432
520.448
521.464
522.48
523.496
524.512
525.528
526.544
527.559
528.575
529.591
530.607
531.623
